Globals <-
structure(list(`min-pxcor` = -30, `max-pxcor` = 30, `min-pycor` = -30, 
    `max-pycor` = 30, perspective = 0, subject = "nobody", nextIndex = 43491, 
    `directed-links` = "NEITHER", ticks = 169, a1 = 32, a2 = 56, 
    a3 = 12, a4 = 0, a5 = 0, a6 = 0, act.sal = c(0.510377400343075, 
    0.398564261023643, 0.0910583386332813), act.sal.monitor = c(0.510377400343075, 
    0.398564261023643, 0.0910583386332813), `adapt-act-step` = 3, 
    `adapt-cand-step` = 2, blueact = c(-6.49054859958981, 6.14834270796887, 
    -0.353450553372231), bluecand = c(-3.2077120253613, 3.842249236982, 
    1.46385604062669), bluedist = c(-1.36363557548264, 1.66687450918204, 
    -0.421040050822377), bluevote = c(-1.97507672379749, 2.32815292046147, 
    0.574018335833821), bluewinner = 47.11538462, `both?` = FALSE, 
    burnin = 100, `change-activists?` = TRUE, `change-counter` = 0, 
    `color-list` = c(15, 105), `conflict-extension?` = FALSE, 
    dimensions = 3, discipline = 2.1, `district-number-list` = c(0, 
    1, 2, 3, 4, 5, 6, 7, 8, 9, 10, 11, 12, 13, 14, 15, 16, 17, 
    18, 19, 20, 21, 22, 23, 24, 25, 26, 27, 28, 29, 30, 31, 32, 
    33, 34, 35, 36, 37, 38, 39, 40, 41, 42, 43, 44, 45, 46, 47, 
    48, 49, 50, 51, 52, 53, 54, 55, 56, 57, 58, 59, 60, 61, 62, 
    63, 64, 65, 66, 67, 68, 69, 70, 71, 72, 73, 74, 75, 76, 77, 
    78, 79, 80, 81, 82, 83, 84, 85, 86, 87, 88, 89, 90, 91, 92, 
    93, 94, 95, 96, 97, 98, 99, 100, 101, 102, 103, 104, 105, 
    106, 107, 108, 109, 110, 111, 112, 113, 114, 115, 116, 117, 
    118, 119, 120, 121, 122, 123, 124, 125, 126, 127, 128, 129, 
    130, 131, 132, 133, 134, 135, 136, 137, 138, 139, 140, 141, 
    142, 143, 144, 145, 146, 147, 148, 149, 150, 151, 152, 153, 
    154, 155, 156, 157, 158, 159, 160, 161, 162, 163, 164, 165, 
    166, 167, 168, 169, 170, 171, 172, 173, 174, 175, 176, 177, 
    178, 179, 180, 181, 182, 183, 184, 185, 186, 187, 188, 189, 
    190, 191, 192, 193, 194, 195, 196, 197, 198, 199, 200, 201, 
    202, 203, 204, 205, 206, 207), `district-variance` = 26.25, 
    filename = 0, filename2 = 0, `global-counter` = 169, `headless?` = FALSE, 
    `incumbent-winners` = 63.46153846, `lamarck?` = FALSE, `movement-size` = 0, 
    n.activists = 10, n.districts = 208, n.parties = 2, `num-activists-per-district` = 10, 
    `num-districts` = 208, `num-voters-per-district` = 10, `number-dimensions` = 3, 
    `perc-act-adaptive` = 90, `perc-cand-adaptive` = 100, `percent-var-within-dist` = 65, 
    redact = c(5.80416629155149, -6.85195819471519, 0.200201090775405
    ), redcand = c(2.44514958019408, -4.23073704700692, -0.330219686375276
    ), reddist = c(-1.36363557548264, 1.66687450918204, -0.421040050822377
    ), redvote = c(0.894323862179453, -2.36058919282094, -0.861395487599064
    ), redwinner = 42.30769231, retirement = 10, `show-activists` = FALSE, 
    `show-challengers` = FALSE, `show-districts` = FALSE, `show-enforce-point` = FALSE, 
    `show-incumbents` = TRUE, `show-voters` = FALSE, `step-size` = 1.56, 
    `target-dimension` = 1, `target-salience` = 0.51, `target-salience-for-dimension` = 51, 
    thin = 1, total = 7.5, `total-variance` = 75, v1 = 20, v2 = 30, 
    v3 = 30, v4 = 20, v5 = 0, v6 = 0, `valence-param` = 0.35, 
    `variance-within-district` = 48.75, voter.sal = c(0.25, 0.375, 
    0.375), voter.sal.monitor = c(0.240224449286723, 0.375539804544585, 
    0.384235746168691), `x-plot` = 1, xplot = 1, `y-plot` = 2, 
    yplot = 2), .Names = c("min-pxcor", "max-pxcor", "min-pycor", 
"max-pycor", "perspective", "subject", "nextIndex", "directed-links", 
"ticks", "a1", "a2", "a3", "a4", "a5", "a6", "act.sal", "act.sal.monitor", 
"adapt-act-step", "adapt-cand-step", "blueact", "bluecand", "bluedist", 
"bluevote", "bluewinner", "both?", "burnin", "change-activists?", 
"change-counter", "color-list", "conflict-extension?", "dimensions", 
"discipline", "district-number-list", "district-variance", "filename", 
"filename2", "global-counter", "headless?", "incumbent-winners", 
"lamarck?", "movement-size", "n.activists", "n.districts", "n.parties", 
"num-activists-per-district", "num-districts", "num-voters-per-district", 
"number-dimensions", "perc-act-adaptive", "perc-cand-adaptive", 
"percent-var-within-dist", "redact", "redcand", "reddist", "redvote", 
"redwinner", "retirement", "show-activists", "show-challengers", 
"show-districts", "show-enforce-point", "show-incumbents", "show-voters", 
"step-size", "target-dimension", "target-salience", "target-salience-for-dimension", 
"thin", "total", "total-variance", "v1", "v2", "v3", "v4", "v5", 
"v6", "valence-param", "variance-within-district", "voter.sal", 
"voter.sal.monitor", "x-plot", "xplot", "y-plot", "yplot"))
